m = 2
b = 2.5
x = [1:10]
